0.0
0.0
1.0
7.0
0.0
15.0
0.0
0.0
0.0
30.0
2.0
3.0
11.0
37.0
26.0
5.0
0.0
7.0
8.0
11.0
11.0
11.0
5.0
8.0
11.0
11.0
11.0
15.0
0.0
30.0
10.0
31.0
13.0
5.0
0.0
0.0
6.0
42.0
8.0
5.0
11.0
0.0
7.0
0.0
46.0
0.0
1.0
11.0
36.0
8.0
11.0
11.0
11.0
15.0
13.0
23.0
11.0
5.0
0.0
46.0
11.0
20.0
11.0
20.0
11.0
23.0
11.0
8.0
15.0
0.0
7.0
0.0
0.0
0.0
30.0
2.0
31.0
11.0
11.0
11.0
11.0
12.0
13.0
5.0
8.0
18.0
5.0
0.0
6.0
8.0
20.0
11.0
21.0
11.0
11.0
11.0
11.0
11.0
11.0
15.0
0.0
0.0
0.0
0.0
6.0
6.0
6.0
6.0
0.0
15.0
0.0
29.0
11.0
29.0
11.0
5.0
0.0
0.0
6.0
6.0
8.0
18.0
11.0
31.0
5.0
0.0
42.0
8.0
5.0
11.0
5.0
0.0
0.0
6.0
6.0
8.0
11.0
11.0
11.0
15.0
0.0
7.0
0.0
15.0
11.0
35.0
29.0
11.0
15.0
15.0
10.0
5.0
0.0
6.0
0.0
42.0
42.0
42.0
0.0
1.0
6.0
6.0
8.0
11.0
11.0
5.0
0.0
0.0
1.0
3.0
17.0
6.0
1.0
7.0
8.0
5.0
8.0
5.0
11.0
5.0
0.0
42.0
8.0
11.0
0.0
30.0
10.0
11.0
11.0
11.0
11.0
11.0
10.0
31.0
13.0
5.0
0.0
7.0
0.0
46.0
0.0
6.0
11.0
36.0
8.0
11.0
11.0
15.0
0.0
8.0
0.0
8.0
0.0
3.0
11.0
11.0
11.0
23.0
0.0
0.0
3.0
10.0
11.0
11.0
11.0
33.0
13.0
5.0
0.0
42.0
8.0
11.0
11.0
20.0
0.0
0.0
6.0
42.0
11.0
5.0
11.0
11.0
0.0
0.0
6.0
1.0
8.0
11.0
11.0
11.0
11.0
11.0
11.0
0.0
42.0
8.0
11.0
11.0
20.0
0.0
0.0
6.0
42.0
11.0
5.0
11.0
11.0
0.0
1.0
8.0
11.0
11.0
11.0
11.0
11.0
15.0
0.0
0.0
0.0
0.0
6.0
6.0
6.0
6.0
0.0
15.0
0.0
29.0
11.0
29.0
11.0
5.0
0.0
0.0
6.0
6.0
8.0
18.0
11.0
31.0
5.0
0.0
0.0
0.0
6.0
6.0
6.0
8.0
11.0
11.0
11.0
15.0
0.0
7.0
0.0
15.0
11.0
35.0
29.0
11.0
11.0
15.0
0.0
30.0
11.0
31.0
13.0
5.0
0.0
6.0
0.0
42.0
42.0
42.0
0.0
6.0
6.0
6.0
8.0
11.0
11.0
15.0
0.0
6.0
0.0
0.0
13.0
0.0
0.0
27.0
11.0
23.0
11.0
15.0
0.0
0.0
0.0
0.0
6.0
6.0
6.0
6.0
0.0
15.0
0.0
29.0
11.0
29.0
11.0
5.0
0.0
0.0
6.0
1.0
8.0
18.0
5.0
0.0
0.0
6.0
6.0
8.0
11.0
11.0
11.0
11.0
11.0
15.0
0.0
7.0
0.0
46.0
0.0
0.0
6.0
1.0
11.0
36.0
0.0
15.0
10.0
31.0
13.0
5.0
0.0
6.0
0.0
42.0
0.0
1.0
6.0
6.0
8.0
11.0
5.0
0.0
0.0
1.0
7.0
8.0
18.0
0.0
7.0
25.0
11.0
11.0
11.0
11.0
11.0
11.0
11.0
15.0
0.0
0.0
30.0
2.0
11.0
47.0
5.0
8.0
20.0
0.0
21.0
1.0
1.0
8.0
11.0
11.0
11.0
15.0
0.0
7.0
0.0
0.0
0.0
30.0
30.0
31.0
13.0
5.0
0.0
0.0
6.0
7.0
8.0
11.0
11.0
15.0
0.0
0.0
1.0
7.0
0.0
0.0
0.0
30.0
2.0
31.0
13.0
5.0
0.0
6.0
8.0
11.0
11.0
5.0
0.0
0.0
0.0
6.0
6.0
7.0
8.0
15.0
11.0
35.0
29.0
11.0
11.0
15.0
0.0
0.0
2.0
3.0
11.0
37.0
0.0
42.0
17.0
11.0
11.0
11.0
11.0
15.0
0.0
0.0
1.0
7.0
0.0
0.0
0.0
30.0
2.0
31.0
13.0
26.0
11.0
5.0
0.0
6.0
8.0
11.0
11.0
15.0
0.0
0.0
1.0
7.0
0.0
3.0
13.0
0.0
7.0
17.0
5.0
5.0
0.0
0.0
0.0
6.0
0.0
42.0
0.0
1.0
6.0
6.0
1.0
7.0
8.0
11.0
11.0
15.0
0.0
0.0
0.0
1.0
7.0
0.0
11.0
4.0
11.0
47.0
0.0
1.0
17.0
11.0
11.0
15.0
0.0
6.0
0.0
3.0
13.0
0.0
0.0
1.0
7.0
0.0
0.0
30.0
31.0
16.0
5.0
0.0
42.0
8.0
0.0
2.0
11.0
11.0
19.0
0.0
42.0
17.0
11.0
11.0
11.0
15.0
11.0
19.0
0.0
0.0
1.0
7.0
17.0
5.0
0.0
42.0
8.0
11.0
11.0
20.0
0.0
7.0
11.0
21.0
5.0
0.0
42.0
8.0
5.0
0.0
0.0
6.0
7.0
8.0
11.0
11.0
11.0
11.0
11.0
11.0
11.0
15.0
0.0
0.0
1.0
7.0
0.0
0.0
30.0
31.0
13.0
5.0
0.0
42.0
8.0
0.0
2.0
11.0
11.0
19.0
0.0
42.0
17.0
11.0
11.0
15.0
0.0
9.0
13.0
0.0
0.0
1.0
7.0
17.0
20.0
0.0
0.0
6.0
1.0
11.0
21.0
5.0
11.0
5.0
0.0
6.0
8.0
45.0
11.0
15.0
